<?xml version="1.0" standalone="no"?>
<!DOCTYPE svg PUBLIC "-//W3C//DTD SVG 20010904//EN"
 "http://www.w3.org/TR/2001/REC-SVG-20010904/DTD/svg10.dtd">
<svg version="1.0" xmlns="http://www.w3.org/2000/svg"
 width="1080.000000pt" height="1080.000000pt" viewBox="0 0 1080.000000 1080.000000"
 preserveAspectRatio="xMidYMid meet">

<g transform="translate(0.000000,1080.000000) scale(0.100000,-0.100000)"
fill="#000000" stroke="none">
<path d="M2577 7443 c-4 -3 -7 -23 -7 -44 l0 -37 84 -7 c46 -4 200 -6 341 -4
273 4 274 5 275 55 0 43 -8 44 -355 44 -183 0 -335 -3 -338 -7z"/>
<path d="M7530 7430 c-6 -11 -8 -30 -5 -43 6 -22 14 -25 73 -31 87 -8 482 -8
560 0 53 6 61 10 66 31 4 13 2 32 -4 43 -10 19 -22 20 -345 20 -323 0 -335 -1
-345 -20z"/>
<path d="M3290 7395 c0 -24 -5 -35 -15 -35 -21 0 -40 -39 -26 -53 6 -6 11 -21
11 -34 0 -14 6 -23 15 -23 24 0 108 -45 131 -72 99 -107 180 -351 219 -658 48
-379 41 -997 -16 -1336 -64 -386 -173 -573 -343 -587 -58 -5 -65 -11 -39 -40
12 -12 33 -46 48 -76 l27 -53 54 4 c125 11 318 141 418 282 169 237 268 626
283 1106 20 664 -139 1241 -404 1469 -88 75 -242 141 -332 141 -29 0 -31 -3
-31 -35z"/>
<path d="M4200 7392 c0 -34 4 -40 35 -55 70 -33 72 -40 435 -1118 l153 -456
-183 -444 c-268 -652 -319 -746 -428 -795 -43 -18 -58 -42 -50 -81 3 -17 21
-18 291 -21 l287 -2 0 45 0 45 -39 0 c-53 0 -101 35 -130 94 -34 67 -32 144 3
261 27 86 281 722 295 737 4 4 71 -185 151 -420 121 -362 144 -439 148 -503 3
-56 0 -83 -11 -106 -16 -30 -69 -63 -101 -63 -12 0 -16 -10 -16 -45 l0 -45
365 0 365 0 0 40 c0 33 -5 42 -27 54 -35 18 -76 62 -97 103 -32 63 -107 279
-321 921 l-217 653 107 262 c198 480 286 689 315 747 50 99 106 150 165 150
23 0 25 4 25 40 l0 40 -276 0 -275 0 3 -37 c3 -35 5 -38 45 -46 115 -22 146
-199 73 -422 -18 -55 -68 -188 -112 -295 -44 -107 -87 -214 -96 -237 -9 -24
-19 -43 -22 -43 -3 0 -65 180 -138 399 -140 424 -148 460 -116 539 17 43 41
60 94 64 33 3 35 6 38 41 l3 37 -370 0 -371 0 0 -38z"/>
<path d="M5822 7393 l3 -38 56 -5 c65 -6 90 -24 122 -85 18 -35 22 -67 29
-270 5 -126 7 -698 5 -1270 -4 -956 -6 -1045 -22 -1097 -24 -80 -60 -111 -133
-118 l-57 -5 0 -40 0 -40 393 -3 393 -2 -3 42 -3 43 -51 5 c-65 7 -96 28 -125
87 l-24 48 0 1280 c0 1257 0 1281 20 1329 25 62 61 89 128 96 52 5 52 5 55 43
l3 37 -396 0 -396 0 3 -37z"/>
<path d="M6712 7393 c3 -37 4 -38 51 -45 58 -8 83 -28 111 -88 21 -45 21 -55
27 -1090 6 -1074 7 -1101 49 -1292 43 -200 145 -375 264 -457 121 -83 315 -93
453 -23 40 21 56 22 303 22 206 0 260 3 260 13 0 7 -15 37 -33 67 l-32 55
-253 3 c-156 1 -252 6 -252 12 0 6 90 10 240 10 l240 0 12 25 c8 19 8 31 0 50
l-12 25 -264 0 c-259 0 -266 0 -276 -21 -7 -11 -9 -32 -6 -45 6 -23 4 -24 -39
-24 -121 0 -220 121 -262 320 -17 79 -18 168 -18 1200 l0 1115 24 48 c28 57
62 77 131 77 l50 0 0 40 0 40 -386 0 -385 0 3 -37z"/>
<path d="M2626 7314 c-15 -7 -21 -19 -19 -43 0 -18 4 -35 8 -39 4 -4 139 -7
301 -7 251 0 296 2 304 15 14 21 12 56 -3 68 -18 15 -564 21 -591 6z"/>
<path d="M7586 7314 c-15 -7 -21 -19 -19 -43 0 -18 4 -35 8 -39 4 -4 139 -7
301 -7 251 0 296 2 304 15 14 21 12 56 -3 68 -18 15 -564 21 -591 6z"/>
<path d="M2640 7181 c-22 -41 1 -81 46 -81 l24 0 0 -1155 0 -1155 -30 0 c-39
0 -59 -37 -42 -75 l12 -25 263 0 c283 0 287 1 287 52 0 29 -23 48 -59 48 l-21
0 0 1155 0 1155 30 0 c39 0 59 37 42 75 l-12 25 -264 0 c-252 0 -266 -1 -276
-19z m290 -1237 c0 -1019 -2 -1154 -15 -1154 -13 0 -15 135 -15 1153 0 635 3
1157 6 1160 4 4 11 4 15 1 5 -3 9 -525 9 -1160z m-110 1 c0 -763 -3 -1155 -10
-1155 -7 0 -10 392 -10 1155 0 763 3 1155 10 1155 7 0 10 -392 10 -1155z m213
-3 c1 -838 -1 -1152 -9 -1152 -12 0 -21 2281 -8 2301 3 6 8 9 10 6 2 -2 5
-522 7 -1155z"/>
<path d="M7600 7181 c-22 -41 1 -81 46 -81 l24 0 0 -1154 0 -1155 -31 -3 c-41
-4 -57 -28 -43 -65 l9 -28 264 -3 c186 -2 268 1 277 9 8 6 14 24 14 40 0 30
-23 49 -59 49 l-21 0 0 1155 0 1155 30 0 c39 0 59 37 42 75 l-12 25 -264 0
c-252 0 -266 -1 -276 -19z m290 -1237 c0 -1019 -2 -1154 -15 -1154 -13 0 -15
135 -15 1153 0 635 3 1157 6 1160 4 4 11 4 15 1 5 -3 9 -525 9 -1160z m-110 1
c0 -763 -3 -1155 -10 -1155 -7 0 -10 392 -10 1155 0 763 3 1155 10 1155 7 0
10 -392 10 -1155z m210 0 c0 -763 -3 -1155 -10 -1155 -7 0 -10 392 -10 1155 0
763 3 1155 10 1155 7 0 10 -392 10 -1155z"/>
<path d="M2654 4672 c-18 -12 -24 -41 -14 -67 l10 -25 265 0 265 0 12 25 c8
19 8 31 0 50 l-12 25 -257 0 c-142 0 -263 -4 -269 -8z"/>
<path d="M2622 4548 c-11 -15 -62 -115 -62 -123 0 -3 160 -5 355 -5 239 0 355
3 355 10 0 15 -39 92 -58 113 -14 15 -41 17 -297 17 -214 0 -285 -3 -293 -12z"/>
<path d="M3654 3110 c-21 -47 -52 -113 -70 -147 l-31 -63 41 0 c35 0 38 1 22
13 -14 10 -17 21 -11 45 6 31 8 32 59 32 49 0 52 -2 64 -32 11 -29 10 -35 -5
-45 -14 -11 -5 -13 52 -13 57 0 66 2 52 13 -9 6 -39 65 -67 130 -72 170 -63
165 -106 67z m31 -50 c22 -42 19 -50 -20 -50 -19 0 -35 2 -35 4 0 9 31 76 35
76 2 0 11 -13 20 -30z"/>
<path d="M4512 3173 c-5 -10 -31 -67 -57 -128 -26 -60 -54 -118 -63 -127 -14
-17 -12 -18 28 -18 39 0 42 2 26 13 -14 10 -17 21 -11 45 6 31 8 32 59 32 49
0 52 -2 64 -32 11 -29 10 -35 -5 -45 -14 -11 -5 -13 53 -13 48 1 64 3 53 10
-9 5 -42 70 -74 145 -31 74 -59 135 -61 135 -2 0 -7 -8 -12 -17z m3 -109 c21
-51 20 -54 -21 -54 -30 0 -35 3 -29 18 4 9 12 29 17 45 5 15 12 27 14 27 2 0
11 -16 19 -36z"/>
<path d="M5472 3174 c-5 -10 -31 -68 -57 -129 -26 -60 -52 -116 -57 -122 -23
-28 -48 -12 -98 62 -27 41 -50 77 -50 80 0 13 83 104 99 108 9 3 -9 5 -39 6
-42 0 -51 -2 -37 -10 24 -14 21 -28 -10 -61 l-26 -28 -24 35 c-26 39 -28 51
-10 58 6 3 -19 6 -57 6 -58 1 -67 -1 -54 -11 20 -16 98 -128 98 -141 0 -17
-63 -89 -94 -108 l-31 -19 60 1 c46 0 55 2 38 9 -30 12 -29 20 10 65 l33 38
27 -41 c30 -46 33 -58 15 -65 -7 -3 38 -6 101 -6 98 -1 112 1 97 12 -14 10
-17 21 -11 45 6 31 8 32 60 32 42 0 54 -4 58 -17 2 -10 8 -26 12 -35 5 -13 1
-20 -16 -27 -19 -8 -7 -10 50 -10 62 -1 72 1 58 12 -9 6 -39 65 -67 130 -66
157 -65 155 -78 131z m3 -114 c22 -42 19 -50 -20 -50 -19 0 -35 2 -35 4 0 9
31 76 35 76 2 0 11 -13 20 -30z"/>
<path d="M6809 3123 c-17 -38 -42 -95 -55 -128 -14 -33 -34 -68 -46 -77 -20
-18 -19 -18 28 -18 42 0 46 2 30 13 -14 10 -17 21 -11 45 6 31 8 32 60 32 42
0 54 -4 58 -17 2 -10 8 -26 12 -35 5 -13 1 -20 -16 -27 -18 -7 -6 -10 51 -10
52 0 70 3 59 9 -9 5 -42 70 -74 145 -31 74 -59 135 -61 135 -3 0 -19 -30 -35
-67z m41 -100 c0 -8 -14 -13 -36 -13 -30 0 -35 3 -29 18 4 9 12 30 18 46 l10
29 18 -34 c10 -19 18 -40 19 -46z"/>
<path d="M3260 3160 c17 -17 20 -33 20 -120 0 -87 -3 -103 -20 -120 l-20 -20
78 1 c98 0 140 15 169 58 33 49 32 129 -3 170 -31 37 -77 51 -171 51 l-73 0
20 -20z m149 -19 c41 -41 41 -171 0 -204 -12 -10 -32 -17 -43 -15 -20 3 -21
10 -24 121 l-3 117 26 0 c14 0 34 -9 44 -19z"/>
<path d="M3812 3163 c9 -10 40 -76 69 -146 28 -70 56 -124 60 -120 4 4 31 62
59 128 28 66 60 128 71 138 21 17 20 17 -27 16 -27 -1 -41 -3 -30 -6 24 -6 18
-45 -21 -133 l-29 -64 -36 89 c-33 82 -35 91 -20 103 13 10 5 12 -48 12 -59 0
-62 -1 -48 -17z"/>
<path d="M4118 3170 c21 -9 22 -14 22 -130 0 -116 -1 -121 -22 -130 -16 -6 18
-8 102 -7 l125 2 3 45 3 45 -23 -35 c-20 -30 -30 -35 -67 -38 -29 -2 -47 1
-52 10 -11 16 -11 209 -1 224 4 6 14 14 22 17 8 3 -19 5 -60 6 -55 0 -69 -3
-52 -9z"/>
<path d="M4670 3150 l0 -30 20 20 c11 11 31 20 45 20 l25 0 0 -112 c0 -115 -4
-131 -30 -141 -8 -3 19 -5 60 -6 55 0 69 3 53 9 -22 9 -23 14 -23 130 0 115 1
120 21 120 29 0 59 -18 59 -35 0 -8 4 -15 8 -15 4 0 6 16 4 35 l-4 35 -119 0
-119 0 0 -30z"/>
<path d="M5650 3173 c26 -11 30 -26 30 -133 0 -107 -4 -123 -30 -133 -8 -3 19
-5 60 -6 55 0 69 3 53 9 -20 8 -23 17 -23 66 0 70 11 68 68 -14 43 -61 44 -62
90 -61 26 0 41 3 34 6 -7 3 -33 32 -57 66 l-45 60 30 19 c24 14 30 25 30 51 0
59 -25 71 -148 74 -59 2 -100 0 -92 -4z m164 -35 c9 -12 16 -29 16 -37 0 -25
-32 -51 -62 -51 -27 0 -28 1 -28 55 0 54 0 55 29 55 20 0 35 -8 45 -22z"/>
<path d="M5968 3170 c21 -9 22 -14 22 -130 0 -116 -1 -121 -22 -130 -17 -6 -3
-9 52 -9 41 1 68 3 60 6 -26 10 -30 26 -30 133 0 107 4 123 30 133 8 3 -19 5
-60 6 -55 0 -69 -3 -52 -9z"/>
<path d="M6130 3160 c17 -17 20 -33 20 -120 0 -87 -3 -103 -20 -120 l-20 -20
80 0 c87 0 133 14 165 50 16 17 20 36 20 90 0 59 -3 72 -24 94 -31 33 -78 46
-168 46 l-73 0 20 -20z m150 -20 c26 -26 33 -59 28 -127 -5 -62 -33 -97 -72
-91 -20 3 -21 10 -24 121 l-3 117 26 0 c14 0 34 -9 45 -20z"/>
<path d="M6430 3173 c26 -10 30 -26 30 -141 0 -107 -1 -113 -22 -122 -16 -6
18 -8 102 -7 l125 2 3 45 3 45 -23 -35 c-20 -30 -30 -35 -67 -38 -29 -2 -47 1
-52 10 -11 16 -11 209 -1 224 4 6 14 14 22 17 8 3 -19 5 -60 5 -41 0 -68 -2
-60 -5z"/>
<path d="M7010 3173 c26 -11 30 -26 30 -141 0 -108 -1 -113 -22 -122 -17 -6
-3 -9 52 -9 55 0 69 3 53 9 -20 8 -23 17 -23 66 0 70 11 68 68 -14 43 -61 44
-62 90 -61 26 0 41 3 34 6 -7 3 -33 32 -57 66 l-45 60 30 19 c24 14 30 25 30
51 0 59 -26 72 -149 74 -58 1 -99 0 -91 -4z m164 -35 c9 -12 16 -29 16 -37 0
-25 -32 -51 -62 -51 -27 0 -28 1 -28 55 0 54 0 55 29 55 20 0 35 -8 45 -22z"/>
<path d="M7328 3170 c21 -9 22 -14 22 -130 0 -116 -1 -121 -22 -130 -17 -6 -3
-9 52 -9 41 1 68 3 60 6 -26 10 -30 26 -30 133 0 107 4 123 30 133 8 3 -19 5
-60 6 -55 0 -69 -3 -52 -9z"/>
<path d="M2279 2651 c-16 -16 -29 -37 -29 -46 0 -32 29 -71 72 -94 83 -46 101
-81 53 -103 -36 -16 -74 -1 -102 41 l-23 34 0 -53 c0 -45 2 -51 15 -40 11 9
21 9 48 -1 67 -24 127 13 127 79 0 44 -16 63 -88 102 -36 19 -48 32 -50 52 -3
22 2 29 22 34 37 9 65 -4 87 -39 l19 -32 0 50 c0 34 -3 45 -9 36 -8 -12 -14
-13 -36 -3 -42 19 -74 14 -106 -17z"/>
<path d="M3635 2665 c-46 -24 -69 -62 -73 -125 -3 -45 0 -61 20 -90 64 -95
199 -89 250 11 33 64 20 136 -35 187 -33 31 -119 40 -162 17z m114 -24 c23
-23 36 -95 27 -155 -11 -70 -56 -103 -106 -76 -52 28 -54 198 -3 238 24 18 60
15 82 -7z"/>
<path d="M4300 2658 c-58 -31 -83 -76 -77 -146 4 -61 38 -104 95 -123 55 -18
152 9 152 42 0 6 -13 1 -29 -10 -32 -23 -71 -27 -103 -10 -41 22 -61 119 -37
187 27 77 127 82 163 8 l16 -31 0 55 c0 35 -3 50 -9 41 -7 -11 -15 -11 -41 -2
-48 16 -81 14 -130 -11z"/>
<path d="M5422 2664 c-5 -10 -31 -68 -56 -129 -26 -60 -57 -118 -68 -127 -20
-18 -19 -18 28 -18 42 0 46 2 30 13 -14 10 -17 21 -11 45 6 31 8 32 59 32 49
0 52 -2 64 -32 11 -29 10 -35 -5 -45 -14 -11 -5 -13 52 -13 57 0 66 2 52 13
-9 6 -39 65 -67 130 -66 157 -65 155 -78 131z m18 -151 c0 -8 -13 -13 -35 -13
-19 0 -35 2 -35 5 0 2 7 23 17 46 l16 42 18 -34 c10 -19 18 -40 19 -46z"/>
<path d="M7119 2651 c-16 -16 -29 -37 -29 -46 0 -32 29 -71 72 -94 83 -46 101
-81 53 -103 -36 -16 -74 -1 -102 41 l-23 34 0 -53 c0 -45 2 -51 15 -40 11 9
21 9 48 -1 67 -24 127 13 127 79 0 44 -16 63 -88 102 -36 19 -48 32 -50 52 -3
22 2 29 22 34 37 9 65 -4 87 -39 l19 -32 0 50 c0 34 -3 45 -9 36 -8 -12 -14
-13 -36 -3 -42 19 -74 14 -106 -17z"/>
<path d="M8150 2615 c-17 -39 -43 -97 -56 -130 -14 -33 -34 -68 -46 -77 -20
-18 -19 -18 28 -18 42 0 46 2 30 13 -14 10 -17 21 -11 45 6 31 8 32 59 32 49
0 52 -2 64 -32 11 -29 10 -35 -5 -45 -14 -11 -5 -13 52 -13 57 0 66 2 52 13
-9 6 -39 65 -67 130 -72 170 -64 163 -100 82z m40 -102 c0 -8 -14 -13 -36 -13
-30 0 -35 3 -29 18 4 9 12 30 18 46 l10 29 18 -34 c10 -19 18 -40 19 -46z"/>
<path d="M8392 2664 c-59 -41 -47 -109 27 -151 87 -50 105 -83 56 -105 -36
-16 -74 -1 -102 41 l-23 34 0 -53 c0 -45 2 -51 15 -40 11 9 21 9 48 -1 67 -24
127 13 127 79 0 44 -16 63 -88 102 -36 19 -48 32 -50 52 -3 22 2 29 22 34 37
9 65 -4 87 -39 l19 -32 0 50 c0 34 -3 45 -9 36 -8 -12 -14 -13 -36 -3 -36 16
-66 15 -93 -4z"/>
<path d="M2098 2660 c21 -9 22 -14 22 -122 0 -115 -4 -131 -30 -141 -8 -3 19
-5 60 -5 41 0 68 2 60 5 -26 10 -30 26 -30 133 0 107 4 123 30 133 8 3 -19 5
-60 6 -55 0 -69 -3 -52 -9z"/>
<path d="M2498 2660 c21 -9 22 -14 22 -130 0 -116 -1 -121 -22 -130 -17 -6 -3
-9 52 -9 56 0 70 2 58 10 -14 8 -18 23 -18 69 l0 60 45 0 45 0 0 -60 c0 -54
-3 -62 -22 -70 -17 -6 -1 -9 57 -9 58 0 74 3 58 9 -22 9 -23 14 -23 130 0 116
1 121 23 130 16 6 0 9 -58 9 -58 0 -74 -3 -57 -9 19 -8 22 -17 22 -60 l0 -50
-45 0 -45 0 0 50 c0 36 5 52 18 59 12 8 -2 10 -58 10 -55 0 -69 -3 -52 -9z"/>
<path d="M2808 2665 c-3 -3 -3 -16 -1 -29 5 -24 5 -24 24 -5 10 10 30 19 44
19 l25 0 0 -112 c0 -115 -4 -131 -30 -141 -8 -3 19 -5 60 -5 41 0 68 2 60 5
-26 10 -30 26 -30 141 0 110 0 112 23 112 26 0 52 -17 60 -40 3 -8 6 2 6 23
l1 37 -118 0 c-65 0 -121 -2 -124 -5z"/>
<path d="M3108 2660 c21 -9 22 -14 22 -130 0 -116 -1 -121 -22 -130 -17 -6 -3
-9 52 -9 41 1 68 3 60 6 -26 10 -30 26 -30 133 0 107 4 123 30 133 8 3 -19 5
-60 6 -55 0 -69 -3 -52 -9z"/>
<path d="M3268 2660 c21 -9 22 -15 22 -122 0 -115 -4 -131 -30 -141 -8 -3 17
-6 55 -6 52 0 66 2 53 10 -14 8 -18 23 -18 65 0 70 11 68 68 -14 41 -58 46
-62 82 -62 l39 0 -49 67 -50 66 30 18 c24 15 30 26 30 52 0 59 -26 72 -149 74
-74 2 -99 0 -83 -7z m159 -36 c15 -24 15 -29 2 -53 -10 -18 -24 -27 -47 -29
l-32 -3 0 55 c0 55 0 56 30 56 21 0 35 -8 47 -26z"/>
<path d="M3898 2660 c21 -9 22 -14 22 -130 0 -116 -1 -121 -22 -130 -17 -6 -3
-9 52 -9 56 0 70 2 58 10 -14 8 -18 23 -18 66 0 55 0 56 19 39 11 -10 32 -36
47 -58 23 -33 25 -41 13 -49 -9 -6 12 -9 61 -9 73 0 74 0 50 17 -27 19 -26 17
-90 98 l-44 57 44 39 c25 21 59 45 75 53 l30 16 -59 0 c-54 0 -58 -1 -40 -14
12 -10 15 -18 9 -23 -5 -5 -34 -29 -62 -52 l-53 -43 0 56 c0 42 4 57 18 65 12
8 -2 10 -58 10 -55 0 -69 -3 -52 -9z"/>
<path d="M4528 2660 c21 -9 22 -14 22 -122 0 -115 -4 -131 -30 -141 -8 -3 19
-6 60 -6 56 0 70 2 58 10 -14 8 -18 23 -18 69 l0 60 45 0 45 0 0 -60 c0 -54
-3 -62 -22 -70 -17 -6 -1 -9 57 -9 58 0 74 3 58 9 -22 9 -23 14 -23 130 0 116
1 121 23 130 16 6 0 9 -58 9 -58 0 -74 -3 -57 -9 19 -8 22 -17 22 -60 l0 -50
-45 0 -45 0 0 50 c0 36 5 52 18 59 12 8 -2 10 -58 10 -55 0 -69 -3 -52 -9z"/>
<path d="M4858 2660 c21 -9 22 -14 22 -130 0 -116 -1 -121 -22 -130 -17 -6 -3
-9 52 -9 41 1 68 3 60 6 -26 10 -30 26 -30 135 0 99 2 108 22 122 21 15 18 16
-52 15 -55 0 -69 -3 -52 -9z"/>
<path d="M5020 2663 c26 -10 30 -26 30 -133 0 -107 -4 -123 -30 -133 -8 -3 41
-5 110 -4 l125 2 3 45 3 45 -23 -35 c-20 -30 -30 -35 -67 -38 -29 -2 -47 1
-52 10 -11 16 -11 209 -1 224 4 6 14 14 22 17 8 3 -19 5 -60 5 -41 0 -68 -2
-60 -5z"/>
<path d="M5600 2663 c26 -11 30 -26 30 -133 0 -107 -4 -123 -30 -133 -8 -3 19
-5 60 -6 55 0 69 3 53 9 -20 8 -23 17 -23 66 0 70 11 68 68 -14 41 -58 46 -62
82 -62 l39 0 -49 67 -50 66 30 18 c24 15 30 26 30 52 0 59 -25 71 -148 74 -59
2 -100 0 -92 -4z m164 -35 c9 -12 16 -29 16 -37 0 -25 -32 -51 -62 -51 -27 0
-28 1 -28 55 0 54 0 55 29 55 20 0 35 -8 45 -22z"/>
<path d="M5918 2660 c21 -9 22 -14 22 -130 0 -116 -1 -121 -22 -130 -17 -6 -3
-9 52 -9 41 1 68 3 60 6 -26 10 -30 26 -30 133 0 107 4 123 30 133 8 3 -19 5
-60 6 -55 0 -69 -3 -52 -9z"/>
<path d="M6180 2663 c26 -10 30 -26 30 -130 0 -89 3 -106 20 -123 25 -25 61
-34 107 -27 64 11 74 30 81 158 7 109 8 114 30 117 32 5 45 -9 92 -94 33 -60
40 -83 38 -117 -2 -34 -7 -42 -28 -48 -15 -4 11 -7 60 -7 60 -1 78 2 63 8 -20
8 -23 17 -23 62 0 43 7 64 40 120 22 37 48 72 58 77 13 8 5 10 -33 10 -27 -1
-42 -3 -32 -6 9 -2 17 -11 17 -20 0 -21 -53 -114 -64 -110 -4 1 -22 28 -40 60
-26 49 -29 59 -16 67 10 7 -24 10 -105 9 -82 0 -113 -3 -97 -9 21 -9 22 -15
22 -108 0 -86 -3 -103 -21 -126 -16 -21 -28 -26 -52 -24 -45 4 -57 35 -57 143
0 93 4 108 30 118 8 3 -19 5 -60 5 -41 0 -68 -2 -60 -5z"/>
<path d="M6780 2663 c26 -10 30 -26 30 -130 0 -89 3 -106 20 -123 38 -38 126
-39 163 -1 20 19 23 46 27 224 0 10 10 22 23 27 17 7 10 9 -33 9 -43 0 -50 -2
-32 -9 21 -9 22 -15 22 -108 0 -86 -3 -103 -21 -126 -16 -21 -28 -26 -52 -24
-45 4 -57 35 -57 143 0 93 4 108 30 118 8 3 -19 5 -60 5 -41 0 -68 -2 -60 -5z"/>
<path d="M7328 2660 c21 -9 22 -14 22 -130 0 -116 -1 -121 -22 -130 -17 -6 -3
-9 52 -9 56 0 70 2 58 10 -14 8 -18 23 -18 69 l0 60 45 0 45 0 0 -60 c0 -54
-3 -62 -22 -70 -17 -6 -1 -9 57 -9 58 0 74 3 58 9 -22 9 -23 14 -23 130 0 116
1 121 23 130 16 6 0 9 -58 9 -58 0 -74 -3 -57 -9 19 -8 22 -17 22 -60 l0 -50
-45 0 -45 0 0 50 c0 36 5 52 18 59 12 8 -2 10 -58 10 -55 0 -69 -3 -52 -9z"/>
<path d="M7658 2660 c21 -9 22 -15 22 -124 0 -107 -1 -116 -22 -130 -22 -15
-21 -16 27 -16 48 0 49 1 27 16 -20 14 -22 23 -22 117 0 60 4 97 9 92 5 -6 28
-55 51 -110 23 -55 45 -104 49 -108 5 -4 31 47 59 115 l51 123 1 -112 c0 -96
-2 -113 -17 -122 -13 -8 1 -10 57 -10 55 0 69 3 53 9 -22 9 -23 14 -23 130 0
116 1 121 23 130 16 7 7 9 -37 7 l-60 -2 -35 -87 c-20 -49 -39 -88 -42 -88 -3
0 -21 39 -41 88 l-35 87 -59 2 c-45 2 -53 0 -36 -7z"/>
<path d="M8598 2660 c21 -9 22 -14 22 -130 0 -116 -1 -121 -22 -130 -17 -6 -3
-9 52 -9 41 1 68 3 60 6 -26 10 -30 26 -30 133 0 107 4 123 30 133 8 3 -19 5
-60 6 -55 0 -69 -3 -52 -9z"/>
</g>
</svg>
